atom이라는 파일 깔기 멋지게 열림 
atom 번호 결합방식 각각의 좌표정보 담음 전세게에서 씀 피피티에 있음 들어가보기
앞의 3줄은 네임택 분자와 

mole 하나를 숫자로 나타낸것이다. 

19
 OpenBabel08021611072D

  8  7  0  0  0  0  0  0  0  0999 V2000  
# atom개수 bond개수 
   -0.8660    1.5000    0.0000 C   0  0  0  0  0  0  0  0  0  0  0  0
    0.0000    1.0000    0.0000 C   0  0  0  0  0  0  0  0  0  0  0  0
   -1.8660    1.5000    0.0000 Cl  0  0  0  0  0  0  0  0  0  0  0  0
   -1.3660    0.6340    0.0000 Cl  0  0  0  0  0  0  0  0  0  0  0  0
    1.0000    1.0000    0.0000 F   0  0  0  0  0  0  0  0  0  0  0  0
    0.5000    1.8660    0.0000 F   0  0  0  0  0  0  0  0  0  0  0  0
   -0.0000   -0.0000    0.0000 F   0  0  0  0  0  0  0  0  0  0  0  0
   -0.8660    2.5000    0.0000 H   0  0  0  0  0  0  0  0  0  0  0  0
 xyz 좌표정보 원자정보 
  1  2  1  0  0  0  0
  1  3  1  0  0  0  0
  1  4  1  0  0  0  0
  1  8  1  0  0  0  0
  2  5  1  0  0  0  0
  2  6  1  0  0  0  0
  2  7  1  0  0  0  0
결합정보 나타냄 누구랑누구랑 무슨결합 그옆의 0은 전기적 특성
M  END 분자끝남 표시 $4개 
$$$$
